NAME: Default track
OUTER_TRACK: 50,50 600,50 1200,100 1450,250 1450,600 1000,700 500,400 200,650 50,650
INNER_TRACK: 150,150 600,150 1200,200 1350,300 1350,500 1000,600 500,300 200,550 150,550
REWARD_GATES: 200,25,200,175 600,25,600,175 1200,75,1200,225 1300,125,1300,300 1325,300,1475,225 1325,400,1475,400 1325,475,1475,625 1200,525,1200,675 1000,575,1000,725 750,425,750,575 500,275,500,425 425,325,425,500 300,450,300,600 25,675,175,525 25,230,175,230 25,210,175,210 25,190,175,190 25,170,175,170 25,150,175,150
START_POS: 100,100
START_ROT: 0.75

NAME: Track 3
OUTER_TRACK: 46,38 1400,55 1481,207 1478,363 1378,496 1385,580 1472,652 1477,726 1145,723 1154,254 1084,222 1049,271 1034,683 958,690 898,679 842,257 811,231 778,258 765,671 713,696 643,669 594,255 547,214 487,261 497,658 49,669
INNER_TRACK: 1302,135 1382,223 1375,326 1291,448 1291,583 1357,640 1253,644 1239,184 1078,144 980,197 963,607 931,241 805,145 711,228 687,597 646,242 542,150 440,255 443,610 104,615 105,139
REWARD_GATES: 260,25,260,151 1303,32,1303,143 1440,92,1324,176 1492,221,1366,227 1479,378,1360,322 1395,494,1281,494 1394,572,1331,632 1343,637,1482,729 1327,636,1331,730 1261,636,1135,729 1263,447,1132,448 1196,145,1137,260 1006,150,1080,265 962,409,1065,417 964,555,1045,694 960,556,892,688 948,402,847,417 906,204,832,279 718,163,802,264 691,400,794,410 686,569,785,682 687,565,623,673 677,454,607,470 668,302,581,333 602,183,555,251 541,142,547,228 483,177,517,250 427,250,506,270 424,304,499,303 421,519,511,525 436,588,512,664 428,590,428,668 300,587,300,672 116,606,42,674 115,595,35,595 123,354,39,360 115,265,35,268 112,253,39,254 111,239,43,238 111,222,43,222 108,204,39,207 110,142,36,143
START_POS: 120,100
START_ROT: 0.75

NAME: Track 
OUTER_TRACK: 46,38 1400,55 1481,207 1478,363 1378,496 1385,580 1472,652 1477,726 1145,723 1154,254 1084,222 1049,271 1034,683 958,690 898,679 842,257 811,231 778,258 765,671 713,696 643,669 594,255 547,214 492,251 497,658 49,669
INNER_TRACK: 1302,135 1382,223 1375,326 1291,448 1291,583 1357,640 1253,644 1239,184 1078,144 980,197 963,607 931,241 805,145 711,228 701,602 688,227 542,150 394,218 409,600 146,603 107,433 105,139
REWARD_GATES: 
START_POS: 100,100
START_ROT: 0.75

NAME: Empty track
OUTER_TRACK: 5,5 1495,5 1495,745 5,745
INNER_TRACK: 
REWARD_GATES: 
START_POS: 750,375
START_ROT: 0.0

NAME: Reverse track
OUTER_TRACK: 50,50 600,50 1200,100 1450,250 1450,600 1000,700 500,400 200,650 50,650
INNER_TRACK: 150,150 600,150 1200,200 1350,300 1350,500 1000,600 500,300 200,550 150,550
REWARD_GATES: 25,150,175,150 25,170,175,170 25,190,175,190 25,210,175,210 25,230,175,230 25,675,175,525 300,450,300,600 425,325,425,500 500,275,500,425 750,425,750,575 1000,575,1000,725 1200,525,1200,675 1325,475,1475,625 1325,400,1475,400 1325,300,1475,225 1300,125,1300,300 1200,75,1200,225 600,25,600,175 200,25,200,175
START_POS: 100,100
START_ROT: 0.5

NAME: Track 3 reverse
OUTER_TRACK: 46,38 1400,55 1481,207 1478,363 1378,496 1385,580 1472,652 1477,726 1145,723 1154,254 1084,222 1049,271 1034,683 958,690 898,679 842,257 811,231 778,258 765,671 713,696 643,669 594,255 547,214 492,251 497,658 49,669
INNER_TRACK: 1302,135 1382,223 1375,326 1291,448 1291,583 1357,640 1253,644 1239,184 1078,144 980,197 963,607 931,241 805,145 711,228 701,602 688,227 542,150 394,218 409,600 146,603 107,433 105,139
REWARD_GATES: 181,9,181,153 513,9,512,141 1309,15,1297,146 1451,115,1329,205 1491,283,1364,277 1451,423,1321,360 1409,522,1278,524 1453,593,1314,623 1291,632,1302,736 1269,554,1135,545 1259,264,1134,268 1079,137,1096,257 965,277,1066,282 958,518,961,722 941,257,837,283 806,142,810,253 703,278,782,288 703,521,707,713 699,268,589,276 549,142,547,258 370,276,510,289 351,675,354,541 157,673,148,574 118,431,39,426 111,217,41,213 37,203,110,207 110,193,44,189 40,178,111,179 113,167,39,167 37,160,108,159
START_POS: 77,113
START_ROT: 0.5

NAME: Track 2
OUTER_TRACK: 41,36 211,40 275,74 1085,57 1219,66 1323,128 1390,217 1410,331 1409,331 1461,425 1425,485 1146,481 1125,523 1159,548 1402,577 1451,613 1444,683 1379,720 771,695 693,473 555,391 406,417 353,554 266,681 41,688
INNER_TRACK: 129,152 289,114 1137,108 1234,141 1302,211 1339,320 1344,380 1067,387 990,484 1022,580 1316,635 1027,595 841,593 797,437 590,282 348,358 245,509 231,587 98,609
REWARD_GATES: 201,14,201,146 385,60,385,115 887,46,889,128 1250,75,1200,191 1326,117,1261,191 1444,355,1338,356 1274,363,1273,486 1050,386,1152,491 950,470,1200,500 990,549,1148,519 1172,607,1181,536 1276,624,1450,646 1268,622,1400,720 1241,619,1248,711 859,584,853,707 832,507,695,566 646,306,596,428 548,275,540,423 330,335,425,427 205,553,330,597 170,579,178,690 116,594,19,591 128,396,29,392 141,174,41,178 139,162,34,165 135,153,30,148
START_POS: 100,100
START_ROT: 0.75

NAME: Edited track
OUTER_TRACK: 50,50 600,50 1200,100 1450,250 1450,600 1000,700 500,400 200,650 50,650 60,575 180,400 60,225 50,150
INNER_TRACK: 120,150 600,150 1200,200 1350,300 1350,500 1000,600 500,300 200,575 130,575 250,400 130,225
REWARD_GATES: 200,25,200,175 600,25,600,175 1200,75,1200,225 1300,125,1300,300 1325,300,1475,225 1325,400,1475,400 1325,475,1475,625 1200,525,1200,675 1000,575,1000,725 750,425,750,575 500,275,500,425 425,325,425,500 300,450,300,600 25,675,185,525 155,400,275,400 125,350,245,350 25,230,175,230 25,210,175,210 25,190,175,190 25,170,175,170 25,150,175,150
START_POS: 100,100
START_ROT: 0.75

NAME: Bad track
OUTER_TRACK: 730,136 887,356 1258,383 889,525 944,736 741,541 614,735 554,525 83,368 566,335
INNER_TRACK: 724,269 800,378 982,430 841,473 829,543 728,466 660,504 615,446 522,420 621,373
REWARD_GATES: 
START_POS: 730,212
START_ROT: 0.6